0 0.459656 0.471354 0.127646 0.034474
0 0.476190 0.483259 0.094577 0.032490
0 0.505787 0.492932 0.079034 0.047371
0 0.212302 0.625000 0.113757 0.048611
0 0.198743 0.609995 0.089286 0.027034
0 0.238261 0.642361 0.116733 0.050595
0 0.628638 0.586682 0.106481 0.021577
0 0.638558 0.606151 0.132275 0.036706
0 0.667493 0.620660 0.143849 0.039931
0 0.701224 0.638021 0.136574 0.039931
0 0.710648 0.655258 0.100529 0.033234
1 0.547950 0.436880 0.057540 0.028026
1 0.360450 0.619792 0.076058 0.037698
2 0.545966 0.433656 0.096561 0.036458
2 0.369048 0.621280 0.139550 0.097222
3 0.367063 0.573537 0.066138 0.041915
3 0.649306 0.482639 0.070437 0.031250
3 0.620701 0.503720 0.052910 0.017361
3 0.595569 0.457837 0.134921 0.104663
3 0.268353 0.566220 0.153770 0.066964
