3 0.717000 0.153788 0.128000 0.201050
3 0.661500 0.144786 0.083000 0.150038
9 0.562500 0.154539 0.131000 0.118530
9 0.453500 0.192048 0.109000 0.099025
10 0.834000 0.333458 0.162000 0.147787
11 0.843000 0.176294 0.206000 0.240060
2 0.705000 0.290698 0.166000 0.126782
2 0.550000 0.350338 0.186000 0.129032
2 0.514500 0.253563 0.229000 0.081020
1 0.711500 0.393098 0.161000 0.090023
11 0.628500 0.570143 0.357000 0.133533
9 0.468000 0.690923 0.156000 0.145536
2 0.495000 0.785446 0.182000 0.177044
3 0.711500 0.635034 0.159000 0.117779
2 0.693000 0.711928 0.210000 0.156039
2 0.881000 0.725056 0.214000 0.128282
10 0.754000 0.816954 0.208000 0.102026
1 0.735500 0.883346 0.343000 0.165791
3 0.914000 0.680045 0.078000 0.074269
