0 0.544531 0.252500 0.082812 0.055000
0 0.571094 0.286250 0.089063 0.047500
0 0.466406 0.246250 0.079687 0.167500
0 0.502344 0.263750 0.048438 0.107500
5 0.414062 0.338750 0.043750 0.057500
5 0.448437 0.373750 0.040625 0.077500
5 0.557031 0.430000 0.064062 0.040000
5 0.489063 0.375000 0.034375 0.075000
5 0.148438 0.770000 0.046875 0.110000
5 0.207031 0.763750 0.060937 0.072500
5 0.222656 0.846250 0.095312 0.092500
5 0.517188 0.785000 0.043750 0.090000
5 0.551562 0.877500 0.050000 0.085000
5 0.571094 0.816250 0.048438 0.072500
0 0.612500 0.716250 0.125000 0.172500
0 0.649219 0.648750 0.057813 0.197500
0 0.690625 0.646250 0.068750 0.177500
0 0.286719 0.606250 0.098437 0.137500
0 0.310937 0.661250 0.125000 0.092500
0 0.346094 0.701250 0.092188 0.077500
