1 0.254630 0.806944 0.101852 0.094444
0 0.400926 0.625694 0.201852 0.073611
0 0.656481 0.591667 0.135185 0.025000
0 0.651852 0.652083 0.200000 0.134722
0 0.505556 0.741667 0.088889 0.230556
2 0.482407 0.749306 0.242593 0.179167
0 0.352778 0.695139 0.172222 0.073611
1 0.412963 0.872222 0.196296 0.088889
2 0.452778 0.390972 0.164815 0.068056
0 0.400926 0.350694 0.098148 0.043056
0 0.533333 0.318056 0.133333 0.025000
0 0.545370 0.351389 0.146296 0.055556
0 0.430556 0.312500 0.079630 0.022222
1 0.683333 0.720833 0.200000 0.141667
2 0.368519 0.604861 0.181481 0.062500
