2 0.562744 0.190186 0.284668 0.187988
0 0.514160 0.510742 0.306641 0.079102
0 0.569824 0.586426 0.195312 0.062500
0 0.541260 0.664551 0.223145 0.097656
3 0.294922 0.586914 0.312500 0.177734
3 0.270020 0.471680 0.115234 0.069336
3 0.303711 0.264160 0.166016 0.175781
3 0.384033 0.204102 0.089355 0.097656
5 0.527100 0.819092 0.183105 0.236816
5 0.372803 0.768311 0.167480 0.187012
5 0.216064 0.716553 0.150879 0.155762
21 0.837402 0.457275 0.117188 0.117676
21 0.838135 0.572998 0.104980 0.107910
21 0.788330 0.681396 0.095215 0.106934
