0 0.542969 0.332661 0.187500 0.201613
0 0.569010 0.386089 0.156250 0.179435
0 0.590495 0.443548 0.209635 0.286290
0 0.597005 0.590726 0.230469 0.266129
0 0.664062 0.667339 0.169271 0.262097
1 0.689453 0.306452 0.092448 0.330645
1 0.761719 0.391129 0.114583 0.286290
1 0.727865 0.706653 0.169271 0.368952
2 0.473307 0.811492 0.180990 0.256048
2 0.405599 0.666331 0.162760 0.344758
3 0.398438 0.470766 0.109375 0.143145
3 0.391927 0.340726 0.117188 0.141129
5 0.291667 0.364919 0.109375 0.217742
5 0.374349 0.210685 0.128906 0.191532
5 0.473307 0.244960 0.126302 0.187500
5 0.477214 0.122984 0.118490 0.104839
5 0.585286 0.167339 0.136719 0.145161
