0 0.772656 0.509748 0.228646 0.173165
0 0.809635 0.577982 0.180729 0.149083
0 0.314323 0.718463 0.233854 0.219037
0 0.354427 0.657110 0.170313 0.165138
0 0.390885 0.617546 0.159896 0.209862
0 0.339062 0.454702 0.176042 0.189220
1 0.351042 0.392775 0.089583 0.161697
1 0.407031 0.456422 0.136979 0.300459
15 0.283073 0.841743 0.122396 0.199541
15 0.163802 0.823968 0.115104 0.182339
3 0.149740 0.384748 0.129688 0.173165
3 0.105990 0.354358 0.123438 0.238532
2 0.078646 0.560206 0.150000 0.198394
2 0.142969 0.735092 0.203646 0.311927
2 0.679167 0.299885 0.171875 0.154817
3 0.727865 0.372706 0.146354 0.160550
21 0.609896 0.504587 0.083333 0.155963
2 0.869531 0.746560 0.199479 0.314220
21 0.927344 0.451835 0.081771 0.121560
