2 0.594375 0.120833 0.101250 0.145000
2 0.699375 0.869167 0.141250 0.198333
3 0.629375 0.525833 0.136250 0.075000
3 0.675000 0.504167 0.077500 0.061667
3 0.638750 0.580000 0.075000 0.106667
21 0.716875 0.608333 0.091250 0.106667
21 0.500000 0.122500 0.080000 0.075000
0 0.570000 0.269167 0.065000 0.085000
0 0.596250 0.247500 0.080000 0.111667
3 0.496250 0.203333 0.122500 0.233333
0 0.577500 0.680833 0.065000 0.225000
0 0.597500 0.740833 0.117500 0.258333
0 0.658750 0.734167 0.080000 0.205000
3 0.732500 0.705833 0.137500 0.161667
