8 0.563971 0.300830 0.354412 0.597510
15 0.722059 0.676349 0.182353 0.219917
15 0.597794 0.824689 0.192647 0.255187
6 0.471324 0.759336 0.154412 0.136929
6 0.369853 0.858921 0.160294 0.182573
6 0.333824 0.778008 0.123529 0.190871
6 0.388235 0.675311 0.155882 0.093361
6 0.286029 0.630705 0.154412 0.419087
6 0.189706 0.646266 0.085294 0.230290
6 0.193382 0.461618 0.151471 0.155602
6 0.191912 0.276971 0.136765 0.251037
6 0.281618 0.353734 0.095588 0.184647
6 0.352941 0.231328 0.102941 0.155602
6 0.278676 0.157676 0.116176 0.120332
6 0.438971 0.071577 0.130882 0.139004
