0 0.484375 0.401554 0.276250 0.279793
0 0.465000 0.446891 0.235000 0.204663
0 0.444375 0.501295 0.201250 0.158031
0 0.394375 0.569948 0.191250 0.207254
0 0.373125 0.700777 0.176250 0.230570
5 0.406875 0.829016 0.111250 0.113990
3 0.533750 0.708549 0.240000 0.323834
3 0.641250 0.699482 0.117500 0.191710
3 0.663750 0.503886 0.122500 0.152850
3 0.648125 0.366580 0.118750 0.209845
3 0.584375 0.308290 0.078750 0.207254
3 0.547500 0.247409 0.050000 0.121762
3 0.496250 0.257772 0.107500 0.126943
7 0.253750 0.423575 0.207500 0.256477
5 0.381875 0.281088 0.106250 0.069948
