9 0.703889 0.377778 0.074444 0.183704
9 0.635000 0.360000 0.065556 0.180741
9 0.570556 0.341481 0.085556 0.194074
10 0.493333 0.605926 0.188889 0.391111
2 0.623889 0.527407 0.085556 0.085926
2 0.706111 0.551852 0.090000 0.063704
2 0.677778 0.600000 0.088889 0.062222
2 0.765556 0.618519 0.071111 0.063704
2 0.767778 0.680741 0.068889 0.066667
2 0.742222 0.720741 0.062222 0.063704
2 0.675556 0.734815 0.075556 0.050370
2 0.611667 0.764444 0.052222 0.053333
2 0.591111 0.797778 0.071111 0.042963
2 0.661667 0.677778 0.078889 0.099259
3 0.337778 0.624444 0.108889 0.152593
3 0.340556 0.528148 0.150000 0.164444
3 0.385556 0.440000 0.173333 0.085926
3 0.402778 0.391111 0.201111 0.088889
3 0.440000 0.354074 0.157778 0.112593
3 0.468333 0.310370 0.121111 0.143704
3 0.521667 0.297778 0.074444 0.142222
