3 0.263333 0.584444 0.206667 0.146667
3 0.746667 0.285556 0.143333 0.095556
2 0.603333 0.320000 0.150000 0.164444
2 0.436667 0.693333 0.230000 0.240000
14 0.180000 0.804444 0.103333 0.102222
14 0.283333 0.795556 0.113333 0.137778
14 0.338333 0.726667 0.123333 0.120000
14 0.442500 0.807778 0.088333 0.157778
14 0.615833 0.415556 0.095000 0.102222
14 0.816667 0.367778 0.153333 0.082222
14 0.798333 0.436667 0.093333 0.100000
14 0.840000 0.473333 0.086667 0.120000
14 0.795000 0.527778 0.100000 0.086667
