5 0.101875 0.450909 0.056250 0.083636
5 0.135000 0.410000 0.067500 0.085455
5 0.158125 0.362727 0.048750 0.070909
5 0.445625 0.435455 0.063750 0.067273
5 0.422500 0.499091 0.055000 0.056364
5 0.396250 0.565455 0.062500 0.080000
5 0.788750 0.191818 0.060000 0.067273
5 0.802500 0.245455 0.057500 0.043636
5 0.815000 0.310000 0.050000 0.092727
5 0.840000 0.777273 0.067500 0.060000
5 0.857500 0.841818 0.067500 0.076364
5 0.892500 0.778182 0.050000 0.090909
5 0.906875 0.728182 0.048750 0.045455
0 0.598750 0.960000 0.117500 0.080000
0 0.592500 0.934545 0.130000 0.112727
0 0.840625 0.652727 0.151250 0.065455
0 0.840000 0.700909 0.132500 0.060000
0 0.838750 0.732727 0.130000 0.080000
0 0.727500 0.210909 0.067500 0.141818
0 0.696875 0.186364 0.078750 0.136364
0 0.238125 0.460909 0.091250 0.118182
0 0.213750 0.486364 0.100000 0.125455
0 0.183125 0.510000 0.111250 0.121818
0 0.138125 0.557273 0.108750 0.114545
0 0.417500 0.673636 0.107500 0.147273
0 0.445625 0.660000 0.108750 0.181818
0 0.463750 0.619091 0.090000 0.158182
0 0.485000 0.590909 0.082500 0.181818
0 0.520000 0.569091 0.107500 0.189091
0 0.548125 0.557273 0.088750 0.169091
5 0.336250 0.116364 0.052500 0.058182
5 0.367500 0.076364 0.067500 0.080000
5 0.404375 0.038182 0.056250 0.072727
3 0.381875 0.156364 0.123750 0.210909
3 0.437500 0.177273 0.185000 0.267273
3 0.463750 0.234545 0.145000 0.178182
