0 0.188732 0.439000 0.084507 0.154000
0 0.219718 0.486000 0.115493 0.120000
0 0.226056 0.539000 0.105634 0.106000
0 0.308451 0.489000 0.056338 0.050000
0 0.286620 0.591000 0.111268 0.130000
0 0.811972 0.487000 0.108451 0.154000
0 0.736620 0.478000 0.115493 0.080000
0 0.733803 0.536000 0.163380 0.076000
0 0.714085 0.602000 0.183099 0.104000
0 0.695070 0.422000 0.122535 0.108000
5 0.588028 0.601000 0.094366 0.130000
5 0.650704 0.668000 0.095775 0.128000
5 0.737324 0.703000 0.102817 0.122000
5 0.097887 0.474000 0.105634 0.112000
5 0.102113 0.556000 0.094366 0.100000
5 0.133803 0.652000 0.095775 0.116000
