1 0.715820 0.734375 0.291016 0.143750
1 0.596680 0.566406 0.201172 0.120313
10 0.703125 0.585938 0.136719 0.256250
10 0.621094 0.757812 0.312500 0.184375
9 0.800781 0.618750 0.121094 0.206250
3 0.521484 0.459375 0.148438 0.096875
3 0.264648 0.733594 0.181641 0.104688
2 0.571289 0.809375 0.513672 0.246875
2 0.406250 0.521875 0.210938 0.143750
3 0.171875 0.223438 0.082031 0.068750
10 0.219727 0.323437 0.220703 0.087500
1 0.306641 0.270313 0.210938 0.081250
9 0.377930 0.198437 0.177734 0.087500
2 0.331055 0.136719 0.283203 0.098437
