2 0.180714 0.199048 0.155714 0.165714
5 0.052857 0.405714 0.077143 0.064762
5 0.068571 0.364762 0.108571 0.062857
5 0.048571 0.296190 0.082857 0.093333
5 0.085000 0.211429 0.098571 0.099048
2 0.108571 0.389524 0.214286 0.234286
0 0.242143 0.285714 0.087143 0.262857
0 0.317143 0.283810 0.097143 0.255238
3 0.251429 0.149524 0.100000 0.081905
1 0.361429 0.332381 0.060000 0.108571
1 0.408571 0.285714 0.068571 0.171429
1 0.850000 0.640000 0.137143 0.217143
1 0.657857 0.045714 0.127143 0.060952
5 0.531429 0.227619 0.051429 0.089524
5 0.576429 0.241905 0.061429 0.087619
5 0.606429 0.274286 0.050000 0.041905
5 0.676429 0.264762 0.101429 0.076190
5 0.748571 0.224762 0.060000 0.068571
5 0.414286 0.800000 0.091429 0.167619
2 0.475714 0.603810 0.182857 0.247619
2 0.551429 0.468571 0.191429 0.186667
2 0.503571 0.124762 0.132857 0.150476
2 0.613571 0.129524 0.161429 0.148571
0 0.636429 0.666667 0.101429 0.335238
0 0.731429 0.643810 0.134286 0.365714
3 0.670714 0.420000 0.098571 0.158095
