22 0.332292 0.206250 0.112500 0.150000
22 0.279167 0.785417 0.202083 0.197917
22 0.762500 0.482812 0.172917 0.196875
5 0.884375 0.473438 0.087500 0.076042
5 0.951042 0.464583 0.060417 0.062500
5 0.952604 0.526042 0.069792 0.062500
5 0.875000 0.551562 0.075000 0.059375
5 0.916146 0.592708 0.080208 0.077083
5 0.881771 0.638542 0.078125 0.064583
5 0.830729 0.583854 0.092708 0.061458
5 0.155729 0.548958 0.067708 0.070833
5 0.220312 0.518229 0.069792 0.071875
5 0.315625 0.507812 0.070833 0.069792
5 0.279687 0.539062 0.057292 0.055208
5 0.241667 0.567187 0.047917 0.048958
5 0.191667 0.582812 0.066667 0.055208
5 0.465104 0.247917 0.042708 0.056250
5 0.504687 0.236458 0.046875 0.056250
5 0.521354 0.289062 0.057292 0.078125
5 0.471354 0.308854 0.046875 0.067708
