11 0.190667 0.229000 0.136000 0.158000
11 0.192000 0.692000 0.181333 0.420000
1 0.277333 0.327000 0.149333 0.086000
1 0.472000 0.646000 0.160000 0.108000
2 0.370667 0.257000 0.144000 0.142000
2 0.704000 0.684000 0.186667 0.124000
3 0.308000 0.219000 0.141333 0.150000
3 0.592000 0.916000 0.272000 0.140000
9 0.281333 0.132000 0.178667 0.052000
9 0.510667 0.758000 0.184000 0.116000
9 0.728000 0.555000 0.170667 0.126000
9 0.504000 0.187000 0.149333 0.086000
10 0.529333 0.300000 0.258667 0.136000
10 0.557333 0.541000 0.106667 0.190000
