0 0.617361 0.263048 0.061111 0.045929
0 0.613889 0.298017 0.065278 0.036534
0 0.642361 0.318372 0.055556 0.045929
0 0.793750 0.337161 0.076389 0.064718
0 0.819444 0.362735 0.088889 0.057411
0 0.855903 0.388309 0.077083 0.060543
0 0.465972 0.421712 0.079167 0.045929
0 0.479861 0.466075 0.095833 0.080376
0 0.513194 0.483820 0.073611 0.065762
0 0.265972 0.358038 0.095833 0.050104
0 0.268403 0.389875 0.103472 0.049061
0 0.284375 0.418580 0.084028 0.039666
0 0.744444 0.587683 0.062500 0.106472
0 0.764583 0.608038 0.052778 0.099165
0 0.793403 0.616388 0.065972 0.113779
0 0.838889 0.623695 0.048611 0.105428
0 0.729167 0.887787 0.086111 0.172234
0 0.672222 0.883090 0.120833 0.096033
0 0.674653 0.926409 0.147917 0.136743
0 0.598958 0.926409 0.117361 0.126305
0 0.313194 0.653967 0.062500 0.046973
0 0.318403 0.717641 0.170139 0.113779
0 0.330556 0.741127 0.148611 0.087683
0 0.327778 0.779749 0.133333 0.098121
0 0.307639 0.840292 0.081944 0.048017
0 0.100000 0.520355 0.105556 0.046973
0 0.052431 0.545407 0.099306 0.034447
0 0.092014 0.582463 0.095139 0.048017
0 0.068403 0.615866 0.067361 0.052192
