23 0.109722 0.656379 0.144444 0.201646
23 0.323611 0.671811 0.088889 0.121399
23 0.311806 0.381687 0.065278 0.096708
23 0.406250 0.442387 0.079167 0.111111
23 0.257639 0.204733 0.109722 0.133745
23 0.402083 0.128601 0.076389 0.088477
23 0.422917 0.222222 0.098611 0.144033
23 0.601389 0.103909 0.105556 0.121399
23 0.597222 0.222222 0.086111 0.115226
23 0.832639 0.356996 0.104167 0.125514
23 0.630556 0.648148 0.138889 0.168724
16 0.530556 0.418724 0.275000 0.281893
16 0.765278 0.503086 0.177778 0.273663
16 0.836806 0.238683 0.162500 0.263374
16 0.258333 0.691358 0.155556 0.222222
