0 0.741250 0.619760 0.087500 0.181637
0 0.794375 0.609780 0.113750 0.197605
0 0.278750 0.752495 0.120000 0.135729
2 0.192500 0.594810 0.070000 0.103792
2 0.148125 0.709581 0.078750 0.105788
2 0.193750 0.678643 0.035000 0.067864
2 0.155625 0.592814 0.051250 0.071856
2 0.260625 0.522954 0.053750 0.071856
2 0.310625 0.592814 0.048750 0.051896
0 0.231250 0.700599 0.137500 0.211577
2 0.766875 0.779441 0.053750 0.089820
2 0.816875 0.845309 0.063750 0.085828
2 0.695625 0.847305 0.071250 0.129741
2 0.736875 0.878244 0.051250 0.111776
1 0.592500 0.647705 0.055000 0.177645
1 0.617500 0.808383 0.082500 0.147705
