0 0.646429 0.509050 0.101429 0.197587
0 0.633214 0.628205 0.117857 0.101056
2 0.501429 0.688537 0.067143 0.073906
0 0.436429 0.635747 0.047143 0.058824
0 0.526429 0.748115 0.141429 0.138763
2 0.567500 0.491704 0.060714 0.069382
5 0.540357 0.186275 0.043571 0.061840
5 0.582500 0.216440 0.059286 0.088989
5 0.649286 0.196833 0.077143 0.140271
5 0.557500 0.136501 0.062143 0.064857
5 0.545357 0.073152 0.047857 0.061840
5 0.589643 0.093514 0.057857 0.063348
5 0.586429 0.036953 0.048571 0.067873
5 0.629286 0.036199 0.048571 0.057315
5 0.641786 0.092760 0.049286 0.088989
5 0.681429 0.086727 0.048571 0.101056
5 0.693929 0.049020 0.079286 0.088989
5 0.700357 0.134238 0.049286 0.051282
5 0.757500 0.123680 0.070714 0.135747
5 0.651071 0.205882 0.069286 0.146305
5 0.731786 0.233032 0.099286 0.110106
