10 0.253788 0.104545 0.131818 0.195455
3 0.440152 0.222727 0.165152 0.195455
1 0.378030 0.309091 0.122727 0.386364
9 0.228788 0.320455 0.157576 0.150000
2 0.271212 0.344318 0.181818 0.247727
11 0.175758 0.403409 0.190909 0.456818
9 0.134848 0.429545 0.112121 0.118182
3 0.459848 0.464773 0.131818 0.306818
11 0.621212 0.671591 0.096970 0.579545
3 0.680303 0.634091 0.048485 0.372727
3 0.730303 0.673864 0.078788 0.284091
2 0.764394 0.514773 0.137879 0.202273
10 0.775000 0.414773 0.213636 0.161364
9 0.807576 0.672727 0.078788 0.113636
9 0.904545 0.542045 0.154545 0.143182
1 0.827273 0.767045 0.239394 0.343182
