24 0.355833 0.730000 0.118333 0.155000
24 0.398333 0.893750 0.120000 0.177500
24 0.455833 0.808750 0.115000 0.167500
24 0.540000 0.723750 0.140000 0.192500
24 0.485833 0.950000 0.101667 0.095000
24 0.573333 0.905000 0.120000 0.175000
24 0.672500 0.962500 0.105000 0.070000
24 0.785000 0.920000 0.146667 0.155000
24 0.678333 0.826250 0.120000 0.207500
24 0.656667 0.648750 0.103333 0.152500
24 0.725000 0.550000 0.110000 0.095000
24 0.790000 0.683750 0.130000 0.167500
24 0.849167 0.795000 0.138333 0.210000
