9 0.340000 0.571667 0.142500 0.086667
9 0.267500 0.671667 0.112500 0.103333
9 0.283750 0.227500 0.100000 0.068333
9 0.244375 0.162500 0.053750 0.061667
2 0.373750 0.713333 0.150000 0.233333
1 0.455000 0.595000 0.100000 0.140000
1 0.260000 0.858333 0.162500 0.213333
3 0.292500 0.793333 0.142500 0.133333
3 0.505625 0.775833 0.101250 0.201667
9 0.423125 0.808333 0.071250 0.096667
1 0.200000 0.220833 0.050000 0.138333
2 0.288750 0.124167 0.120000 0.085000
1 0.656875 0.188333 0.041250 0.113333
9 0.703750 0.191667 0.090000 0.096667
9 0.723750 0.275833 0.100000 0.088333
9 0.815625 0.257500 0.071250 0.121667
0 0.771875 0.180833 0.101250 0.095000
1 0.866875 0.252500 0.071250 0.091667
9 0.838750 0.180000 0.072500 0.046667
