24 0.298697 0.208645 0.132248 0.101387
24 0.384039 0.210245 0.090554 0.071505
24 0.425733 0.155016 0.115309 0.080576
24 0.495440 0.201974 0.124430 0.075240
24 0.618241 0.182497 0.136808 0.074707
24 0.593160 0.247332 0.115309 0.088047
24 0.686645 0.241996 0.076873 0.080576
24 0.780782 0.239061 0.115309 0.092850
24 0.706840 0.169957 0.082085 0.065635
24 0.795765 0.163020 0.106189 0.075240
24 0.857003 0.287086 0.111401 0.088581
24 0.720847 0.322038 0.166124 0.081644
24 0.684039 0.406350 0.132899 0.086980
24 0.800651 0.369797 0.139414 0.090715
24 0.892834 0.390342 0.103583 0.088047
24 0.600326 0.487460 0.111401 0.096585
24 0.508469 0.134472 0.095765 0.064034
24 0.300000 0.278015 0.077524 0.052295
25 0.172313 0.508004 0.180456 0.157951
25 0.265798 0.567236 0.192834 0.106724
25 0.440065 0.556030 0.166124 0.136606
25 0.254723 0.662753 0.191531 0.105656
25 0.431922 0.672892 0.196743 0.103522
25 0.565147 0.755603 0.227362 0.107791
25 0.417590 0.794557 0.208469 0.147279
25 0.250163 0.768943 0.208469 0.141942
25 0.127036 0.719317 0.117264 0.162220
25 0.535831 0.565101 0.104886 0.110993
