11 0.186029 0.297718 0.272059 0.168050
11 0.149265 0.378631 0.245588 0.089212
9 0.204412 0.768672 0.120588 0.134855
9 0.108824 0.695021 0.067647 0.141079
9 0.171324 0.659751 0.080882 0.103734
9 0.238971 0.677386 0.110294 0.085062
9 0.313971 0.707469 0.045588 0.149378
9 0.294853 0.849585 0.107353 0.134855
9 0.123529 0.877593 0.144118 0.124481
3 0.469853 0.815353 0.077941 0.112033
2 0.563235 0.811203 0.114706 0.091286
2 0.555882 0.878631 0.105882 0.060166
3 0.639706 0.862033 0.085294 0.147303
3 0.679412 0.828838 0.135294 0.155602
2 0.661029 0.740664 0.083824 0.095436
2 0.768382 0.832988 0.072059 0.093361
2 0.833088 0.721992 0.098529 0.141079
3 0.741176 0.713693 0.085294 0.120332
3 0.450000 0.676349 0.114706 0.128631
2 0.435294 0.755187 0.058824 0.049793
3 0.547794 0.690871 0.157353 0.178423
3 0.656618 0.651452 0.095588 0.120332
3 0.759559 0.637967 0.095588 0.072614
3 0.742647 0.537344 0.064706 0.124481
3 0.657353 0.480290 0.094118 0.068465
3 0.575000 0.457469 0.085294 0.076763
3 0.562500 0.543568 0.080882 0.112033
3 0.640441 0.545643 0.086765 0.099585
3 0.503676 0.610996 0.077941 0.101660
3 0.474265 0.558091 0.063235 0.074689
2 0.514706 0.506224 0.050000 0.078838
