0 0.235156 0.224359 0.192188 0.130037
0 0.606250 0.200549 0.206250 0.056777
0 0.280469 0.783883 0.139063 0.150183
0 0.678125 0.738095 0.075000 0.190476
0 0.741406 0.712454 0.082812 0.139194
2 0.857812 0.713370 0.178125 0.166667
2 0.183594 0.815934 0.117188 0.192308
2 0.201563 0.101648 0.184375 0.115385
2 0.585156 0.292125 0.179688 0.137363
3 0.731250 0.538462 0.084375 0.076923
3 0.807813 0.268315 0.075000 0.137363
3 0.800000 0.152930 0.078125 0.108059
3 0.631250 0.574176 0.084375 0.060440
3 0.776563 0.591575 0.081250 0.069597
5 0.588281 0.743590 0.095312 0.065934
5 0.581250 0.801282 0.059375 0.064103
5 0.591406 0.883700 0.064062 0.097070
5 0.660937 0.887363 0.100000 0.067766
5 0.745313 0.921245 0.078125 0.073260
5 0.828125 0.853480 0.096875 0.073260
5 0.792969 0.913004 0.064062 0.071429
5 0.239063 0.655678 0.075000 0.065934
5 0.171094 0.663919 0.070312 0.086081
5 0.092188 0.239927 0.084375 0.080586
5 0.046094 0.160256 0.057813 0.093407
