11 0.558889 0.253191 0.360000 0.287943
9 0.263333 0.531206 0.151111 0.109220
9 0.297778 0.575177 0.204444 0.191489
9 0.321667 0.628369 0.210000 0.221277
9 0.369444 0.705674 0.212222 0.234043
2 0.520556 0.868085 0.145556 0.173050
2 0.620556 0.847518 0.132222 0.174468
2 0.719444 0.817730 0.123333 0.117730
3 0.407778 0.778723 0.124444 0.156028
3 0.512222 0.620567 0.100000 0.165957
3 0.549444 0.670922 0.063333 0.136170
3 0.606667 0.586525 0.106667 0.114894
3 0.661667 0.640426 0.172222 0.228369
3 0.664444 0.551064 0.086667 0.177305
