8 0.080000 0.774167 0.120000 0.088333
13 0.073750 0.858750 0.110833 0.072500
6 0.525000 0.880417 0.065000 0.080833
6 0.606250 0.889167 0.095833 0.071667
7 0.502917 0.770833 0.097500 0.058333
7 0.585417 0.765000 0.075833 0.035000
6 0.275000 0.789583 0.071667 0.070833
6 0.623750 0.622917 0.109167 0.039167
6 0.618750 0.658333 0.104167 0.040000
6 0.630833 0.687500 0.071667 0.043333
13 0.804167 0.687917 0.096667 0.055833
13 0.843750 0.650000 0.065833 0.043333
13 0.817083 0.612500 0.072500 0.031667
15 0.707917 0.662500 0.069167 0.051667
6 0.292083 0.635417 0.045833 0.037500
7 0.471250 0.634583 0.094167 0.034167
7 0.485833 0.615833 0.065000 0.036667
