7 0.906000 0.420000 0.156000 0.244000
7 0.164000 0.265000 0.188000 0.198000
21 0.444000 0.835000 0.184000 0.194000
20 0.403000 0.446000 0.094000 0.216000
20 0.509000 0.438000 0.174000 0.072000
20 0.753000 0.453000 0.134000 0.290000
20 0.682000 0.434000 0.164000 0.084000
20 0.091000 0.628000 0.162000 0.184000
20 0.187000 0.606000 0.122000 0.120000
20 0.203000 0.727000 0.122000 0.174000
20 0.315000 0.836000 0.118000 0.140000
20 0.362000 0.674000 0.216000 0.152000
20 0.557000 0.648000 0.278000 0.180000
16 0.327000 0.362000 0.266000 0.460000
16 0.598000 0.162000 0.264000 0.200000
