24 0.523500 0.793333 0.079000 0.106667
24 0.597750 0.742667 0.080500 0.088000
24 0.647750 0.643000 0.076500 0.083333
24 0.645250 0.554333 0.070500 0.079333
24 0.448000 0.587333 0.068000 0.092000
24 0.390000 0.623000 0.065000 0.078000
25 0.476250 0.682333 0.094500 0.100667
24 0.773250 0.485333 0.054500 0.109333
24 0.818500 0.444333 0.059000 0.074000
24 0.893250 0.461000 0.085500 0.083333
24 0.857500 0.511333 0.063000 0.073333
24 0.916000 0.538000 0.065000 0.077333
24 0.833000 0.601000 0.074000 0.076667
24 0.799250 0.655667 0.054500 0.079333
24 0.861250 0.676000 0.074500 0.084000
24 0.911500 0.649000 0.064000 0.080667
24 0.776000 0.574333 0.029000 0.056667
