15 0.162963 0.594815 0.137037 0.105185
15 0.722222 0.381481 0.137037 0.097778
6 0.625000 0.257407 0.200000 0.160741
6 0.428241 0.734074 0.167593 0.162963
12 0.394444 0.521111 0.333333 0.100000
7 0.584722 0.099630 0.213889 0.094074
6 0.791204 0.168519 0.286111 0.185926
7 0.860648 0.330370 0.165741 0.148148
7 0.135648 0.760741 0.162037 0.269630
7 0.176389 0.718148 0.130556 0.144444
6 0.547222 0.877037 0.172222 0.142222
6 0.402778 0.595556 0.183333 0.069630
6 0.247685 0.578519 0.110185 0.111111
6 0.632870 0.366296 0.075000 0.101481
6 0.798611 0.272593 0.099074 0.081481
