24 0.417910 0.408033 0.067843 0.043073
24 0.371099 0.448778 0.055631 0.052386
24 0.428087 0.451688 0.066486 0.041909
24 0.630258 0.228172 0.055631 0.046566
24 0.684532 0.248545 0.066486 0.043073
24 0.743555 0.281141 0.062415 0.047730
24 0.685889 0.289290 0.063772 0.047730
24 0.649254 0.318393 0.055631 0.040745
24 0.703528 0.332945 0.066486 0.044237
24 0.716418 0.363795 0.062415 0.043073
24 0.664858 0.361467 0.056988 0.043073
24 0.610583 0.348079 0.056988 0.044237
25 0.601085 0.295693 0.135685 0.074505
