3 0.713125 0.149625 0.136250 0.194184
3 0.671250 0.151501 0.090000 0.156660
11 0.844375 0.170263 0.213750 0.233583
10 0.843750 0.333021 0.165000 0.148218
2 0.703750 0.292683 0.180000 0.135084
2 0.546875 0.348499 0.183750 0.126642
2 0.513125 0.258912 0.218750 0.082552
1 0.653125 0.371482 0.261250 0.112570
9 0.445000 0.191839 0.100000 0.085366
9 0.553750 0.153846 0.130000 0.123827
11 0.621875 0.567542 0.356250 0.118199
9 0.464375 0.682927 0.136250 0.176360
2 0.497500 0.783771 0.192500 0.181051
2 0.883750 0.725610 0.215000 0.130394
2 0.681875 0.706379 0.198750 0.150094
10 0.750000 0.820356 0.190000 0.107880
1 0.734375 0.874296 0.358750 0.183865
