11 0.389490 0.550121 0.160742 0.426329
2 0.065301 0.518720 0.047141 0.187198
2 0.077280 0.643720 0.071097 0.103865
2 0.082689 0.742754 0.066461 0.120773
9 0.141808 0.354469 0.129057 0.213768
9 0.169243 0.296498 0.145286 0.218599
9 0.206337 0.261473 0.115920 0.221014
9 0.236476 0.232488 0.078825 0.175121
3 0.181994 0.514493 0.090417 0.101449
3 0.181221 0.592995 0.118238 0.154589
2 0.767388 0.391908 0.163833 0.288647
2 0.667311 0.408213 0.150696 0.214976
3 0.653014 0.579106 0.094281 0.165459
10 0.545209 0.498792 0.105873 0.359903
9 0.583076 0.567029 0.067233 0.129227
9 0.573416 0.707126 0.098918 0.150966
9 0.618238 0.739130 0.085008 0.137681
9 0.687017 0.732488 0.137558 0.286232
9 0.798300 0.690821 0.128284 0.239130
3 0.755023 0.566425 0.095827 0.077295
