29 0.830833 0.380000 0.305000 0.296667
24 0.368333 0.880000 0.046667 0.046667
24 0.417500 0.890000 0.048333 0.043333
24 0.462500 0.933333 0.051667 0.053333
24 0.390833 0.931667 0.068333 0.043333
24 0.422500 0.824167 0.045000 0.048333
24 0.445833 0.853333 0.041667 0.040000
24 0.487500 0.828333 0.058333 0.046667
24 0.526667 0.894167 0.053333 0.041667
24 0.511667 0.937500 0.043333 0.048333
24 0.333333 0.878333 0.033333 0.040000
24 0.340833 0.827500 0.058333 0.048333
24 0.354167 0.777500 0.048333 0.041667
24 0.492500 0.754167 0.045000 0.048333
24 0.555833 0.851667 0.045000 0.043333
