0 0.446875 0.410638 0.156250 0.103546
0 0.411875 0.478723 0.176250 0.089362
0 0.375625 0.558156 0.221250 0.078014
1 0.276875 0.475887 0.148750 0.185816
1 0.250000 0.612057 0.135000 0.109220
1 0.355625 0.696454 0.186250 0.207092
1 0.484375 0.760993 0.111250 0.256738
2 0.565625 0.627660 0.163750 0.163121
2 0.601875 0.582979 0.138750 0.104965
2 0.621875 0.505674 0.111250 0.126241
3 0.652500 0.753191 0.130000 0.164539
3 0.745000 0.589362 0.160000 0.197163
3 0.745000 0.444681 0.177500 0.146099
5 0.502500 0.335461 0.102500 0.140426
5 0.571875 0.348936 0.098750 0.124823
5 0.649375 0.364539 0.091250 0.093617
